11.5688E-12	-20.0000E+0																																																																																																																																																																																																																																																												
7.2932E-12	-19.5000E+0																																																																																																																																																																																																																																																												
5.8763E-12	-19.0000E+0																																																																																																																																																																																																																																																												
5.7574E-12	-18.5000E+0																																																																																																																																																																																																																																																												
6.3108E-12	-18.0000E+0																																																																																																																																																																																																																																																												
7.5345E-12	-17.5000E+0																																																																																																																																																																																																																																																												
9.4271E-12	-17.0000E+0																																																																																																																																																																																																																																																												
12.0391E-12	-16.5000E+0																																																																																																																																																																																																																																																												
15.5824E-12	-16.0000E+0																																																																																																																																																																																																																																																												
20.4455E-12	-15.5000E+0																																																																																																																																																																																																																																																												
26.8509E-12	-15.0000E+0																																																																																																																																																																																																																																																												
35.1069E-12	-14.5000E+0																																																																																																																																																																																																																																																												
45.7335E-12	-14.0000E+0																																																																																																																																																																																																																																																												
60.3499E-12	-13.5000E+0																																																																																																																																																																																																																																																												
83.4808E-12	-13.0000E+0																																																																																																																																																																																																																																																												
111.5930E-12	-12.5000E+0																																																																																																																																																																																																																																																												
148.8731E-12	-12.0000E+0																																																																																																																																																																																																																																																												
195.2713E-12	-11.5000E+0																																																																																																																																																																																																																																																												
254.1478E-12	-11.0000E+0																																																																																																																																																																																																																																																												
326.8066E-12	-10.5000E+0																																																																																																																																																																																																																																																												
419.9965E-12	-10.0000E+0																																																																																																																																																																																																																																																												
520.2134E-12	-9.5000E+0																																																																																																																																																																																																																																																												
681.5045E-12	-9.0000E+0																																																																																																																																																																																																																																																												
868.1575E-12	-8.5000E+0																																																																																																																																																																																																																																																												
1.0904E-9	-8.0000E+0																																																																																																																																																																																																																																																												
1.3636E-9	-7.5000E+0																																																																																																																																																																																																																																																												
1.7030E-9	-7.0000E+0																																																																																																																																																																																																																																																												
2.1005E-9	-6.5000E+0																																																																																																																																																																																																																																																												
2.5655E-9	-6.0000E+0																																																																																																																																																																																																																																																												
3.1247E-9	-5.5000E+0																																																																																																																																																																																																																																																												
3.8033E-9	-5.0000E+0																																																																																																																																																																																																																																																												
4.6057E-9	-4.5000E+0																																																																																																																																																																																																																																																												
5.3417E-9	-4.0000E+0																																																																																																																																																																																																																																																												
6.6646E-9	-3.5000E+0																																																																																																																																																																																																																																																												
8.0847E-9	-3.0000E+0																																																																																																																																																																																																																																																												
9.7141E-9	-2.5000E+0																																																																																																																																																																																																																																																												
11.5843E-9	-2.0000E+0																																																																																																																																																																																																																																																												
13.6874E-9	-1.5000E+0																																																																																																																																																																																																																																																												
16.0561E-9	-1.0000E+0																																																																																																																																																																																																																																																												
18.7307E-9	-500.0000E-3																																																																																																																																																																																																																																																												
21.7915E-9	000.0000E+0																																																																																																																																																																																																																																																												
25.2294E-9	500.0000E-3																																																																																																																																																																																																																																																												
29.1904E-9	1.0000E+0																																																																																																																																																																																																																																																												
33.6642E-9	1.5000E+0																																																																																																																																																																																																																																																												
38.2989E-9	2.0000E+0																																																																																																																																																																																																																																																												
43.6570E-9	2.5000E+0																																																																																																																																																																																																																																																												
49.3649E-9	3.0000E+0																																																																																																																																																																																																																																																												
53.5071E-9	3.5000E+0																																																																																																																																																																																																																																																												
61.8540E-9	4.0000E+0																																																																																																																																																																																																																																																												
69.8005E-9	4.5000E+0																																																																																																																																																																																																																																																												
78.1688E-9	5.0000E+0																																																																																																																																																																																																																																																												
87.1532E-9	5.5000E+0																																																																																																																																																																																																																																																												
97.0642E-9	6.0000E+0																																																																																																																																																																																																																																																												
107.1983E-9	6.5000E+0																																																																																																																																																																																																																																																												
117.9561E-9	7.0000E+0																																																																																																																																																																																																																																																												
129.2448E-9	7.5000E+0																																																																																																																																																																																																																																																												
140.8680E-9	8.0000E+0																																																																																																																																																																																																																																																												
153.3000E-9	8.5000E+0																																																																																																																																																																																																																																																												
166.2147E-9	9.0000E+0																																																																																																																																																																																																																																																												
179.5012E-9	9.5000E+0																																																																																																																																																																																																																																																												
194.2063E-9	10.0000E+0																																																																																																																																																																																																																																																												
208.9382E-9	10.5000E+0																																																																																																																																																																																																																																																												
223.6378E-9	11.0000E+0																																																																																																																																																																																																																																																												
238.8574E-9	11.5000E+0																																																																																																																																																																																																																																																												
254.9760E-9	12.0000E+0																																																																																																																																																																																																																																																												
271.1960E-9	12.5000E+0																																																																																																																																																																																																																																																												
287.0781E-9	13.0000E+0																																																																																																																																																																																																																																																												
304.1332E-9	13.5000E+0																																																																																																																																																																																																																																																												
321.3140E-9	14.0000E+0																																																																																																																																																																																																																																																												
340.1299E-9	14.5000E+0																																																																																																																																																																																																																																																												
357.9501E-9	15.0000E+0																																																																																																																																																																																																																																																												
378.1756E-9	15.5000E+0																																																																																																																																																																																																																																																												
396.2130E-9	16.0000E+0																																																																																																																																																																																																																																																												
415.5332E-9	16.5000E+0																																																																																																																																																																																																																																																												
435.6594E-9	17.0000E+0																																																																																																																																																																																																																																																												
454.8129E-9	17.5000E+0																																																																																																																																																																																																																																																												
474.8892E-9	18.0000E+0																																																																																																																																																																																																																																																												
493.8912E-9	18.5000E+0																																																																																																																																																																																																																																																												
493.2035E-9	19.0000E+0																																																																																																																																																																																																																																																												
525.6374E-9	19.5000E+0																																																																																																																																																																																																																																																												
550.1939E-9	20.0000E+0																																																																																																																																																																																																																																																												
571.7679E-9	20.5000E+0																																																																																																																																																																																																																																																												
593.9074E-9	21.0000E+0																																																																																																																																																																																																																																																												
614.5760E-9	21.5000E+0																																																																																																																																																																																																																																																												
633.2799E-9	22.0000E+0																																																																																																																																																																																																																																																												
653.4831E-9	22.5000E+0																																																																																																																																																																																																																																																												
672.6881E-9	23.0000E+0																																																																																																																																																																																																																																																												
691.3492E-9	23.5000E+0																																																																																																																																																																																																																																																												
708.5893E-9	24.0000E+0																																																																																																																																																																																																																																																												
726.7883E-9	24.5000E+0																																																																																																																																																																																																																																																												
747.3738E-9	25.0000E+0																																																																																																																																																																																																																																																												
766.2641E-9	25.5000E+0																																																																																																																																																																																																																																																												
785.0475E-9	26.0000E+0																																																																																																																																																																																																																																																												
802.6871E-9	26.5000E+0																																																																																																																																																																																																																																																												
821.9524E-9	27.0000E+0																																																																																																																																																																																																																																																												
839.6187E-9	27.5000E+0																																																																																																																																																																																																																																																												
861.3438E-9	28.0000E+0																																																																																																																																																																																																																																																												
877.8288E-9	28.5000E+0																																																																																																																																																																																																																																																												
894.8572E-9	29.0000E+0																																																																																																																																																																																																																																																												
915.9691E-9	29.5000E+0																																																																																																																																																																																																																																																												
936.2694E-9	30.0000E+0																																																																																																																																																																																																																																																												
